3731783
3737276
3752459
3743957
3471575
3735659
3763644
3747762
3761341
3677888
3757929
3754794
2963960
3781122
3783590
3777153
3653221
3686799
3780826
3547452
3418824
3723893
3787499
3801283
3659147
3820135
3776969
3835525
3840232
3834702
3510179
3834898
3837195
3765350
3838112
3732768
3854879
3867605
3868379
3848805
3428323
3825256
3856012
3821152
2359549
3863033
3867207
3798879
3900205
3896515
3907433
3915959
3928566
3836351
3867703
3933133
3901294
3948859
3934617
3948875
3952782
3970928
3947048
3975478
3974794
3968343
3965749
4007691
3992809
4028780
4008427
3960243
3986193
3708393
3735503
4004563
4013357
4020363
3994414
4027719
4030534
3687206
4040679
4027798
4040420
4064927
4065227
4026974
3769605
4064901
3948840
4059105
4003534
4066597
4073588
4092582
4064916
4108923
4055237
4118413
4113106
4047471
4121313
4102471
4124125
4121470
4117775
4106732
3825282
4124404
4138175
4153071
4032903
4155467
4049833
4134102
4162888
4197765
4168887
4173691
4216573
